$ANSIBLE_VAULT;1.1;AES256
32373134396365643232313466396435373063346431316264386138343464313134653934326161
3664633863306131306666386539313961633865353234370a373337376231626532656336396564
38613637646138643462316462353732626563376432333434616635636666633030626238616365
6236353364666566610a303539313831333132666362613630663138353066313932646130313665
31323365356363386336616334656566653531353733366230613565653364653362393161633361
61333261396233383334356164613839366665373164383566393763366434353262393234303139
33343337313033333337663663303564663132356635343131636439643438303130323936313335
36636365383366653535386362313038616537356561353036383061303032326565333637613731
64666135653863643035343935353435336331393264366263306262366430393736653134643735
33313434333632333530366534663131633362376137323662626463353637633537366632393130
63363731353066343632313932326437323032306636396538316233396135623032336537353831
65323066656133663036343330396533616434326535656137313366623263663432643638646436
32636338363433643763626236616562643763643631663932333831333639663839373638366437
37373435393831613936313963303035646330353337653935383966303431613839666563666366
61306632313932613430666438663264383038386166663134623834383163313466373966373362
33333065616462663139653331623832303966383931363432623131363133616233643232613663
37313533336562353834623566316233363932333836313562633030396136663738373233366237
32373764326139363366633564636138623362633638316535336366653761626666636265383731
38393434623866303035343564343663323335353761363338653962356362386130623432343835
38653635343534353064643463336430363930396335323636363062616131623465383234323830
34666564643437363335316637383965623139633533326330326362346661333161376366646564
65653266373563356539376133376666663561623337333035613362373661356164666164393033
38366236643032633436636262653265303537666265626239613463653666313235363438373033
36633365393535323638303862316263643231666564333161303239343631376333353966306165
31336235366362343563626666343635313038363032633038613566363561613537366332623563
37663035376230636264306135343162646233366431383038346532313035363964383438353534
39366133633861363964326263393535343861366632326239656439383531366638343963623964
39363631616363343163
